Square|Cube|Tesserect
90,0,0,90,0,0,90|90,0,0,180,0,0,50|90,-90,90,170,0,0,50|0,0,0,0,0,0,120
|Triangle|Pyramid|Hyper-Pyramid|Tetrahedral prism|Octahedron|16 cell
Square
1.0,1.0,1.0,1.0|-1.0,1.0,1.0,1.0|-1.0,-1.0,1.0,1.0|1.0,-1.0,1.0,1.0
1|2|3|0
0,1,2,3
Cube
1.0,1.0,1.0,1.0|-1.0,1.0,1.0,1.0|-1.0,-1.0,1.0,1.0|1.0,-1.0,1.0,1.0|1.0,1.0,-1.0,1.0|-1.0,1.0,-1.0,1.0|-1.0,-1.0,-1.0,1.0|1.0,-1.0,-1.0,1.0
1,3,4|2,5|3,6|7|5|6|7|4
0,1,2,3|0,1,5,4|0,3,7,4|1,2,6,5|2,3,7,6|4,5,6,7
Tesserect
1.0,1.0,1.0,1.0|-1.0,1.0,1.0,1.0|-1.0,-1.0,1.0,1.0|1.0,-1.0,1.0,1.0|1.0,1.0,-1.0,1.0|-1.0,1.0,-1.0,1.0|-1.0,-1.0,-1.0,1.0|1.0,-1.0,-1.0,1.0|1.0,1.0,1.0,-1.0|-1.0,1.0,1.0,-1.0|-1.0,-1.0,1.0,-1.0|1.0,-1.0,1.0,-1.0|1.0,1.0,-1.0,-1.0|-1.0,1.0,-1.0,-1.0|-1.0,-1.0,-1.0,-1.0|1.0,-1.0,-1.0,-1.0
1,3,4,8|2,5,9|3,6,10|7,11|5,7,12|6,13|7,14|15|9,11,12|10,13|11,14|15|13|14|15|12
0,1,2,3|0,1,5,4|0,1,9,8|0,3,7,4|0,3,11,8|0,4,12,8|1,2,6,5|1,2,10,9|1,5,13,9|2,3,7,6|2,3,11,10|2,6,14,10|3,7,15,11|4,5,6,7|4,5,13,12|4,7,15,12|5,6,14,13|6,7,15,14|8,9,10,11|8,9,13,12|8,11,15,12|9,10,14,13|10,11,15,14|12,13,14,15
Triangle
0.0,-1.0,-0.5,0.5|-0.866025403,0.5,-0.5,0.5|0.866025403,0.5,-0.5,0.5
1|2|0

Pyramid
0.0,-1.0,-0.5,0.5|-0.866025403,0.5,-0.5,0.5|0.866025403,0.5,-0.5,0.5|0.0,0.0,1.0,0.5
1,2|2,3|3|0

Hyper-Pyramid
0.0,-1.0,-0.5,0.5|-0.866025403,0.5,-0.5,0.5|0.866025403,0.5,-0.5,0.5|0.0,0.0,1.0,0.5|0.0,0.0,0.0,-1.0
1,2,3|2,3,4|3,4|4|0

Tetrahedral prism
0.0,-1.0,-0.5,0.5|-0.866025403,0.5,-0.5,0.5|0.866025403,0.5,-0.5,0.5|0.0,0.0,1.0,0.5|0.0,-1.0,-0.5,-0.5|-0.866025403,0.5,-0.5,-0.5|0.866025403,0.5,-0.5,-0.5|0.0,0.0,1.0,-0.5
1,2,4|2,3,5|3,6|0,7|5,6|6,7|7|4

Octahedron
1.0,0.0,0.0,0.0|0.0,1.0,0.0,0.0|0.0,0.0,1.0,0.0|-1.0,0.0,0.0,0.0|0.0,-1.0,0.0,0.0|0.0,0.0,-1.0,0.0
1,2,4|2,3,5|3,4|4,5|5|0

16 cell
1.0,0.0,0.0,0.0|0.0,1.0,0.0,0.0|0.0,0.0,1.0,0.0|0.0,0.0,0.0,1.0|-1.0,0.0,0.0,0.0|0.0,-1.0,0.0,0.0|0.0,0.0,-1.0,0.0|0.0,0.0,0.0,-1.0
1,2,3,5,6|2,3,4,6,7|3,4,5,7|4,5,6|5,6,7|6,7|7|0

Sphere Builder
1.0,0.0,0.0,0.0|0.0,1.0,0.0,0.0|0.0,0.0,1.0,0.0|0.0,0.0,0.0,1.0|-1.0,0.0,0.0,0.0|0.0,-1.0,0.0,0.0|0.0,0.0,-1.0,0.0|0.0,0.0,0.0,-1.0
1,2,3,5,6|2,3,4,6,7|3,4,5,7|4,5,6|5,6,7|6,7|7|0

Recteract
1.0,0.74,0.8,1.0|-1.0,0.74,0.8,1.0|-1.0,-0.76,0.8,1.0|1.0,-0.76,0.8,1.0|1.0,0.74,-0.7,1.0|-1.0,0.74,-0.7,1.0|-1.0,-0.76,-0.7,1.0|1.0,-0.76,-0.7,1.0|1.0,0.74,0.8,-1.0|-1.0,0.74,0.8,-1.0|-1.0,-0.76,0.8,-1.0|1.0,-0.76,0.8,-1.0|1.0,0.74,-0.7,-1.0|-1.0,0.74,-0.7,-1.0|-1.0,-0.76,-0.7,-1.0|1.0,-0.76,-0.7,-1.0
1,3,4,8|2,5,9|3,6,10|7,11|5,7,12|6,13|7,14|15|9,11,12|10,13|11,14|15|13|14|15|12
0,1,2,3|0,1,5,4|0,1,9,8|0,3,7,4|0,3,11,8|0,4,12,8|1,2,6,5|1,2,10,9|1,5,13,9|2,3,7,6|2,3,11,10|2,6,14,10|3,7,15,11|4,5,6,7|4,5,13,12|4,7,15,12|5,6,14,13|6,7,15,14|8,9,10,11|8,9,13,12|8,11,15,12|9,10,14,13|10,11,15,14|12,13,14,15
